0.042110298
0.041976543
0.041950284
0.041879147
0.041826518
0.041675353
0.041568288
0.041374299
0.041224741
0.041084886
0.040959845
0.040871485
0.040691383
0.040493475
0.041982715
0.042027414
0.042068882
0.042099410
0.042104593
0.042120573
0.042153862
0.042244471
0.042293887
0.042372395
0.042430011
0.042502044
0.042557188
0.041945566
0.041944386
0.041934482
0.041939841
0.041921639
0.041876408
0.041854521
0.041812213
0.041767793
0.041751204
0.041689686
0.041663741
0.041589371
0.041509526
0.041374208
0.041201056
0.041993210
0.042122163
0.042261711
0.042383297
0.042048454
0.042101882
0.042155448
0.041857453
0.041733710
0.041617201
0.041577890
0.041506627
0.041532884
0.041306912
0.041175662
0.041754423
0.041590244
0.041350082
0.041104808
0.040888493
0.040670000
0.041717372
0.041687310
0.041777224
0.041836160
0.041620593
0.041481958
0.041297001
0.041113420
0.040943644
0.041857982
0.041562226
0.041276239
0.040994176
0.040712011
0.040460575
0.040206723
0.039987911
0.039728305
0.039497248
0.039214014
0.038956434
0.038704196
0.038456526
0.038198477
0.041929663
0.041791638
0.041691773
0.041598097
0.041616090
0.041602847
0.041531340
0.041461154
0.041379033
0.041292075
0.041206839
0.041499057
0.041326946
0.041151947
0.041001242
0.040889598
0.040774491
0.040570091
0.040437216
0.040360774
0.040254879
0.040073482
0.039832492
0.039565447
0.041570331
0.041506373
0.041483816
0.041578373
0.041497106
0.041404570
0.041215981
0.040957252
0.040701113
0.040426677
0.040240563
0.040131113
0.039966314
0.039784261
0.039692974
0.041192388
0.040915289
0.040642829
0.040366097
0.040101936
0.039841083
0.039586419
0.039322336
0.039054137
0.038782610
0.038502081
0.042017902
0.041967818
0.041908941
0.041905085
0.041936272
0.041918081
0.041840955
0.042022389
0.041886122
0.041893555
0.041919919
0.041924680
0.041919027
0.041912359
0.041853887
0.041822761
0.041753851
0.041687263
0.041634556
0.041533024
0.041956141
0.041975813
0.041990812
0.041945843
0.042002527
0.042070901
0.042113537
0.042134630
0.042182012
0.042032657
0.042168276
0.042316670
0.042452679
0.042518724
0.042607218
0.042673956
0.042711450
0.042738052
0.042754820
0.042764967
0.042859257
0.043001988
0.043039899
0.043129864
0.041760161
0.041500479
0.041228995
0.040954422
0.040696601
0.040431099
0.040164847
0.039905890
0.041586389
0.041469039
0.041359096
0.041243328
0.041246107
0.041130248
0.041054187
0.040947707
0.040908297
0.040806240
0.040714685
0.042031728
0.042082587
0.042084968
0.042068521
0.042105847
0.042143399
0.042268485
0.042003607
0.041982591
0.041970472
0.041925464
0.041705209
0.041507529
0.041255105
0.041030615
0.042117819
0.042120757
0.042068653
0.042015981
0.041941998
0.041840731
0.041753186
0.041667207
0.041557955
0.041544541
0.041669861
0.041667273
0.042222575
0.042325712
0.042410497
0.042495102
0.042644701
0.042725762
0.042833447
0.042919733
0.043055488
0.043231464
0.043382010
0.043526733
0.043694161
0.041931589
0.041840863
0.041781876
0.041713136
0.041760348
0.041787378
0.041870510
0.041910317
0.041947339
0.041977430
0.042000545
0.042023665
0.042046789
0.042069919
0.042093053
0.042116192
0.042139336
0.042132923
0.042152082
0.042144112
0.042146165
0.042209975
0.042272750
0.042268178
0.041774593
0.041822317
0.041822872
0.041818839
0.041812739
0.041754879
0.041691419
0.041618273
0.041570797
0.041519502
0.041516976
0.041502291
0.041501553
0.041513299
0.041477196
0.041680510
0.041426631
0.041208159
0.040992922
0.040741653
0.040496665
0.040258790
0.040008054
0.039745341
0.039490311
0.039238496
0.039027188
0.038834908
0.038621799
0.038374014
0.041811416
0.041736477
0.041609898
0.041467046
0.041668409
0.041482995
0.041324286
0.041126682
0.040905443
0.040691302
0.040503738
0.041898516
0.041890952
0.041920417
0.041954382
0.041942257
0.042001591
0.042038394
0.042264319
0.042470977
0.042693071
0.042911392
0.043102033
0.043226373
0.043251189
0.043350061
0.043562725
0.043821296
0.044080372
0.044322119
0.042116230
0.042253712
0.042297445
0.042328217
0.042352888
0.042442894
0.042527944
0.042601511
0.042658355
0.042718983
0.042760454
0.042850547
0.042915815
0.042972074
0.043010905
0.043061429
0.042399514
0.042442291
0.042493119
0.042539757
0.042549289
0.042556746
0.042541147
0.042541211
0.042504954
0.042549255
0.042630347
0.042302431
0.042284810
0.042259388
0.042174299
0.042104178
0.042001075
0.041930836
0.041860602
0.041790373
0.041720148
0.041608046
0.041567235
0.041469218
0.041363248
0.042270080
0.042299099
0.042387318
0.042367477
0.042283233
0.042331558
0.042362112
0.042273790
0.042275572
0.042365191
0.042475992
0.042263800
0.042383015
0.042425945
0.042556505
0.042821422
0.043091746
0.043356575
0.043615423
0.043878510
0.044134108
0.044357286
0.044619297
0.044889992
0.045130213
0.045371438
0.045622830
0.045882934
0.046139138
0.042425325
0.042473108
0.042461162
0.042480257
0.042470661
0.042447969
0.042430447
0.042464780
0.042480176
0.042396713
0.042383351
0.042359970
0.042371000
0.042458098
0.042480972
0.042486542
0.042457640
0.042460032
0.042386529
0.042351057
0.042332420
0.042376468
0.042281765
0.042206659
0.042179883
0.042090842
0.041998930
0.042457271
0.042447386
0.042389745
0.042287236
0.042145798
0.042455539
0.042444325
0.042445532
0.042469691
0.042446166
0.042435607
0.042460132
0.042459720
0.042481625
0.042481473
0.042442786
0.042416497
0.042409147
0.042381514
0.042299598
0.042275345
0.042520371
0.042683288
0.042736716
0.042776454
0.042865884
0.042947821
0.043074342
0.043191588
0.043363081
0.042680393
0.042719746
0.042829575
0.042957430
0.043021560
0.043034697
0.043086769
0.043097282
0.043086220
0.043107940
0.043144238
0.043191895
0.043374276
0.042648465
0.042720536
0.042772033
0.042837973
0.042889937
0.042902119
0.042894693
0.042916056
0.042994739
0.043053745
0.043109057
0.043201616
0.043325626
0.043467898
0.043654572
0.042975517
0.043156321
0.043304206
0.043505133
0.043684945
0.043916908
0.044154403
0.044371819
0.044535526
0.044724878
0.044932141
0.042738911
0.042891734
0.043006051
0.043110774
0.043251671
0.043378098
0.043498955
0.043614239
0.043737657
0.043861140
0.043962961
0.044047684
0.044188114
0.043258968
0.043392066
0.043480862
0.043589149
0.043745289
0.043947158
0.044145967
0.044286114
0.044399485
0.042951632
0.043147461
0.043225709
0.043306574
0.043391001
0.043419326
0.043474113
0.043546469
0.043633497
0.043726895
0.043489450
0.043635026
0.043775678
0.043893617
0.043990720
0.044108991
0.044208849
0.044313245
0.044432729
0.044585165
0.044775135
0.043163909
0.043191148
0.043316915
0.043463503
0.043650366
0.043855805
0.044038153
0.044252375
0.044465188
0.044693530
0.044924800
0.045159413
0.045415966
0.045666041
0.043399338
0.043508641
0.043601298
0.043677346
0.043790343
0.043435764
0.043779566
0.044228422
0.044668041
0.044852892
0.044870529
0.044946393
0.045082529
0.045219716
0.045297241
0.045377788
0.045476934
0.045520150
0.045652638
0.045768333
0.045917043
0.046046431
0.046144670
0.046134758
0.046132137
0.045481962
0.045699885
0.045924844
0.046125127
0.046365066
0.046560653
0.046711962
0.046913021
0.047135518
0.045362238
0.045024238
0.045418009
0.045819035
0.046136840
0.046404407
0.046692447
0.046953965
0.047208247
0.047377295
0.047620091
0.047822036
0.048016288
0.048199838
0.048397215
0.048551222
0.048656414
0.048821426
0.049062644
0.049281335
0.049472781
0.049633944
0.049796354
0.049908955
0.050099344
0.050319895
0.050486242
0.050591482
0.050640950
0.050681341
0.050697887
0.048710355
0.048914925
0.049070214
0.049207270
0.049343659
0.049523151
0.049632773
0.049735861
0.049834011
0.049922505
0.050004308
0.050091637
0.050155327
0.050295492
0.050382225
0.047822173
0.047994881
0.048137347
0.048261992
0.048407773
0.048612832
0.048833450
0.046116866
0.046282308
0.046394517
0.046508411
0.046632708
0.046788261
0.046929666
0.047104654
0.047317462
0.047535518
0.047764115
0.047985732
0.048162512
0.048346541
0.048537847
0.048740892
0.048915108
0.049120694
0.049343268
0.049572779
0.049781981
0.049961298
0.050171098
0.050363289
0.050533249
0.050723330
0.050933101
0.051152800
0.051384018
0.051572961
0.051779304
0.049803988
0.050018161
0.050221261
0.050429898
0.050665472
0.050878266
0.051079485
0.048245480
0.048342245
0.048325165
0.048364379
0.048491809
0.048585325
0.048783827
0.046705236
0.046958970
0.047203969
0.047454316
0.047717858
0.047988862
0.048242035
0.048494165
0.048737525
0.048954180
0.049156702
0.049322607
0.049493754
0.049618492
0.049759716
0.049934398
0.050103958
0.050238974
0.050320051
0.050470449
0.048977092
0.049170505
0.049372638
0.049583657
0.049767752
0.049958157
0.050185033
0.050446594
0.050659917
0.050885210
0.049547283
0.049663305
0.049781329
0.049841235
0.049955284
0.050175574
0.050419491
0.050668651
0.050891447
0.051083439
0.051211310
0.051310044
0.051421663
0.046360090
0.046651130
0.046927744
0.047206361
0.047472285
0.047748697
0.048037717
0.044573874
0.044800381
0.045037422
0.045234439
0.045478495
0.045731875
0.045996892
0.046261519
0.046525218
0.046776657
0.047013541
0.043975477
0.044083039
0.044170636
0.044263520
0.044365783
0.044451664
0.044020751
0.044019709
0.044048241
0.043612247
0.043589251
0.043620200
0.043580191
0.043558703
0.043592076
0.043594569
0.043613940
0.043653977
0.043795529
0.043853261
0.044000836
0.044130929
0.044208236
0.044289365
0.044321491
0.044396090
0.044461028
0.044540473
0.041947946
0.041810076
0.041718628
0.041634455
0.041461410
0.041285766
0.041101141
0.040915288
0.040725002
0.040538845
0.040393041
0.040232979
0.040077495
0.039978863
0.039933457
0.039766894
0.041721870
0.041775487
0.041837140
0.041885391
0.042057627
0.042203009
0.042293018
0.042381187
0.041735228
0.041533882
0.041332499
0.041133005
0.040904924
0.040714299
0.040530197
0.040323561
0.040105023
0.042017484
0.041939780
0.041942222
0.041927421
0.041950579
0.042048102
0.041785766
0.041722554
0.041684507
0.041627875
0.041621728
0.041569834
0.041333100
0.041896320
0.041865354
0.041640989
0.042082903
0.042039270
0.042032988
0.042156157
0.041856541
0.041824212
0.041749749
0.041773369
0.041858209
0.041758640
0.042211266
0.042331710
0.042377952
0.042242500
0.042315680
0.042410012
0.042449618
0.042434724
0.042463740
0.042451631
0.042435426
0.042601003
0.042685985
0.042695773
0.042871594
0.042788213
0.043119416
0.043175471
0.043414277
0.043260760
0.043361302
0.043608271
0.043954163
0.044494280
0.044819800
0.044874305
0.045322825
0.046027941
0.046210100
0.048871744
0.049484128
0.044010576
0.043603431
0.040430976
0.042578814
0.041109178
0.042442334
0.042153161
0.041492499
0.041095248
0.040585714
0.041910044
0.040868321
0.038173155
0.041181506
0.039529731
0.041468420
0.039696887
0.038385438
0.041797284
0.042079610
0.041478312
0.042236852
0.043136786
0.039770568
0.040665001
0.042349995
0.041987025
0.040919229
0.041691126
0.043787106
0.041660378
0.042202362
0.041452299
0.038159491
0.041398007
0.040387300
0.041993094
0.044458802
0.043104177
0.042695086
0.041327304
0.042513156
0.046272830
0.042486540
0.042361248
0.041970559
0.042066266
0.042439651
0.042238938
0.043456727
0.043458990
0.043795075
0.044994453
0.044281047
0.044449878
0.043774685
0.044836562
0.043154897
0.045806359
0.043823259
0.044864739
0.046132166
0.047242909
0.045345822
0.050759924
0.050401753
0.048927966
0.051915059
0.051178581
0.048954560
0.051058109
0.051491682
0.048156447
0.047144559
0.044472779
0.044050436
0.043673247
0.044570619
0.039676077
0.042446780
0.039974028
0.041908349
0.040395989
0.038980794
0.037564792
0.036147993
0.034730405
0.033312038
0.031892902
0.030473004
0.029052354
0.027630962
0.026208836
0.024785986
0.023362420
0.021938147
0.020513176
0.019087517
0.017661178
0.016234168
0.014806496
0.013378171
0.011949202
0.010519598
0.009089368
0.007658519
0.006227062
0.004795006
0.003362357
0.001929127
0.000495322
-0.000939047
-0.002373972
-0.003809445
-0.005245457
-0.006681999
-0.008119063
-0.009556639
-0.010994720
-0.012433296
-0.013872359
-0.015311901
-0.016751913
-0.018192386
-0.019633315
-0.021074685
-0.022516491
-0.023958724
-0.025401376
-0.026844438
-0.028287902
-0.029731759
-0.031176002
-0.032620620
-0.034065607
-0.035510953
-0.036956651
-0.038402691
-0.039849066
-0.041295767
-0.042742786
-0.044190115
-0.045637744
-0.047085666
-0.048533873
-0.049982355
-0.051431106
-0.052880116
-0.054329377
-0.055778882
-0.057228621
-0.058678586
-0.060128770
-0.061579164
-0.063029759
-0.064480548
-0.065931522
-0.067382673
-0.068833993
-0.070285474
-0.071737107
-0.073188884
-0.074640797
-0.076092838
-0.077544999
-0.078997271
-0.080449646
-0.081902117
-0.083354674
-0.084807310
-0.086260017
-0.087712786
-0.089165609
-0.090618479
-0.092071386
-0.093524323
-0.094977282
-0.096430255
-0.097883232
-0.099336207
-0.100789171
-0.102242115
-0.103695033
-0.105147914
-0.106600753
-0.108053539
-0.109506265
-0.110958924
-0.112411506
-0.113864003
-0.115316408
-0.116768712
-0.118220907
-0.119672985
-0.121124938
-0.122576757
-0.124028434
-0.125479962
-0.126931331
-0.128382534
-0.129833562
-0.131284408
-0.132735062
-0.134185518
-0.135635765
-0.137085798
-0.138535606
-0.139985182
-0.141434517
-0.142883604
-0.144332434
-0.145780998
-0.147229289
-0.148677297
-0.150125016
-0.151572436
-0.153019549
-0.154466347
-0.155912821
-0.157358963
-0.158804765
-0.160250218
-0.161695314
-0.163140045
-0.164584401
-0.166028375
-0.167471959
-0.168915143
-0.170357919
-0.171800279
-0.173242215
-0.174683717
-0.176124778
-0.177565388
-0.179005540
-0.180445225
-0.181884433
-0.183323157
-0.184761388
-0.186199118
-0.187636337
-0.189073037
-0.190509209
-0.191944846
-0.193379937
-0.194814475
-0.196248464
-0.197681869
-0.199114694
-0.200546930
-0.201978568
-0.203409601
-0.204840019
-0.206269813
-0.207698974
-0.209127494
-0.210555364
-0.211982574
-0.213409117
-0.214834982
-0.216260161
-0.217684645
-0.219108426
-0.220531493
-0.221953838
-0.223375453
-0.224796327
-0.226216453
-0.227635820
-0.229054419
-0.230472243
-0.231889281
-0.233305524
-0.234720964
-0.236135590
-0.237549395
-0.238962368
-0.240374501
-0.241785784
-0.243196208
-0.244605764
-0.246014443
0.042083351
0.041103282
0.039688493
0.038272893
0.036856491
0.035439297
0.034021319
0.032602566
0.031183047
0.029762773
0.028341751
0.026919990
0.025497501
0.024074291
0.022650371
0.021225748
0.019800432
0.018374432
0.016947756
0.015520414
0.014092415
0.012663767
0.011234479
0.009804561
0.008374020
0.006942867
0.005511108
0.004078755
0.002645814
0.001212296
-0.000221792
-0.001656440
-0.003091641
-0.004527384
-0.005963662
-0.007400466
-0.008837787
-0.010275617
-0.011713946
-0.013152767
-0.014592071
-0.016031849
-0.017472092
-0.018912793
-0.020353945
-0.021795534
-0.023237555
-0.024679998
-0.026122856
-0.027566120
-0.029009782
-0.030453833
-0.031898264
-0.033343068
-0.034788236
-0.036233759
-0.037679629
-0.039125838
-0.040572377
-0.042019238
-0.043466412
-0.044913892
-0.046361669
-0.047809734
-0.049258080
-0.050706698
-0.052155579
-0.053604716
-0.055054100
-0.056503722
-0.057953576
-0.059403651
-0.060853941
-0.062304437
-0.063755130
-0.065206012
-0.066657076
-0.068108312
-0.069559714
-0.071011272
-0.072462978
-0.073914824
-0.075366802
-0.076818904
-0.078271121
-0.079723446
-0.081175870
-0.082628385
-0.084080983
-0.085533655
-0.086986394
-0.088439191
-0.089892039
-0.091344928
-0.092797852
-0.094250801
-0.095703767
-0.097156743
-0.098609720
-0.100062691
-0.101515646
-0.102968578
-0.104421478
-0.105874339
-0.107327153
-0.108779910
-0.110232603
-0.111685225
-0.113137765
-0.114590218
-0.116042573
-0.117494824
-0.118946961
-0.120398978
-0.121850864
-0.123302614
-0.124754217
-0.126205666
-0.127656954
-0.129108070
-0.130559008
-0.132009759
-0.133460315
-0.134910668
-0.136360809
-0.137810730
-0.139260423
-0.140709880
-0.142159092
-0.143608051
-0.145056749
-0.146505178
-0.147953329
-0.149401193
-0.150848764
-0.152296031
-0.153742988
-0.155189625
-0.156635934
-0.158081907
-0.159527536
-0.160972811
-0.162417725
-0.163862270
-0.165306436
-0.166750216
-0.168193601
-0.169636583
-0.171079152
-0.172521301
-0.173963021
-0.175404303
-0.176845140
-0.178285522
-0.179725441
-0.181164889
-0.182603856
-0.184042335
-0.185480316
-0.186917791
-0.188354752
-0.189791190
-0.191227095
-0.192662460
-0.194097276
-0.195531534
-0.196965239
-0.198398354
-0.199830886
-0.201262824
-0.202694161
-0.204124887
-0.205554994
-0.206984473
-0.208413315
-0.209841511
-0.211269052
-0.212695929
-0.214122134
-0.215547658
-0.216972491
-0.218396624
-0.219820049
-0.221242756
-0.222664738
-0.224085983
-0.225506484
-0.226926231
-0.228345216
-0.229763429
-0.231180860
-0.232597502
-0.234013345
-0.235428379
-0.236842596
-0.238255986
-0.239668540
-0.241080249
-0.242491104
-0.243901095
-0.245310214
