0.156600983
0.156659790
0.156717366
0.156826027
0.156977878
0.157194528
0.157330969
0.157449357
0.157599925
0.157757213
0.157973394
0.158151220
0.158244919
0.158451889
0.156875332
0.157072872
0.157287411
0.157467113
0.157655864
0.157811771
0.157951451
0.158028096
0.158177074
0.158324826
0.158506505
0.158639730
0.158838293
0.156677469
0.156825191
0.156968171
0.157058064
0.157132174
0.157242865
0.157371183
0.157490448
0.157657128
0.157886704
0.158100521
0.158299847
0.158569606
0.158767342
0.158817775
0.158846355
0.156713444
0.156665642
0.156590235
0.156456047
0.156727935
0.156734475
0.156715544
0.156615325
0.156538684
0.156486683
0.156416288
0.156364620
0.156483473
0.156470592
0.156539988
0.156530887
0.156482301
0.156425228
0.156397118
0.156330620
0.156252068
0.156442696
0.156188487
0.155890120
0.155561414
0.156323737
0.156173571
0.156126082
0.156084443
0.156031949
0.156688142
0.156730081
0.156766470
0.156838079
0.156909022
0.156875845
0.156794844
0.156628064
0.156480150
0.156314065
0.156283918
0.156245235
0.156180939
0.156088682
0.156046838
0.156581432
0.156465208
0.156275124
0.156070628
0.155953716
0.155840694
0.155655381
0.155443125
0.155223464
0.154995206
0.154751521
0.155723148
0.155548079
0.155379973
0.155211200
0.155097128
0.154916082
0.154782865
0.154638988
0.154416411
0.154263889
0.154160176
0.154082023
0.154059904
0.156067771
0.156018431
0.155932096
0.156091173
0.155991665
0.155946348
0.155823979
0.155743531
0.155621325
0.155548254
0.155364522
0.155118895
0.154857138
0.154705597
0.154458959
0.155904893
0.155931907
0.155988307
0.155977009
0.155979655
0.156017072
0.156081018
0.156123904
0.156157133
0.156173061
0.156162515
0.156590364
0.156529956
0.156376574
0.156422194
0.156736852
0.157084324
0.157364960
0.156593074
0.156256002
0.156150716
0.156095495
0.155914229
0.155740714
0.155731061
0.155775500
0.155700898
0.155707813
0.155660661
0.155507905
0.155307151
0.155594599
0.155385138
0.155196676
0.155024804
0.154879447
0.154624094
0.154354458
0.154131691
0.153942449
0.156050201
0.155797803
0.155568523
0.155341083
0.155058190
0.154867532
0.154675769
0.154484675
0.154258213
0.154064233
0.153890018
0.153749816
0.153611250
0.153455706
0.153366984
0.156123839
0.156019128
0.156008807
0.156078027
0.156146336
0.156170655
0.156150614
0.156190854
0.155901957
0.155649053
0.155437903
0.155295082
0.155123250
0.154933430
0.154705711
0.154471063
0.154230778
0.153974209
0.153784225
0.156578653
0.156427056
0.156262240
0.155965436
0.155604037
0.155291273
0.155032814
0.155574012
0.155291159
0.155011180
0.155611672
0.155383249
0.155146119
0.154965981
0.154798032
0.156027760
0.155875748
0.155753362
0.155581779
0.155466142
0.155339896
0.155179413
0.155077940
0.154964233
0.154969415
0.155002441
0.154831917
0.155793684
0.155603691
0.155397840
0.155200149
0.155066971
0.154864251
0.154647359
0.154465798
0.154220409
0.154034558
0.153879611
0.153739524
0.153596406
0.156762756
0.156910462
0.157022610
0.157232826
0.157191689
0.157392469
0.157548679
0.157686613
0.157868534
0.158077166
0.158295626
0.158513712
0.158731972
0.158950408
0.159169017
0.159387798
0.159606751
0.159822379
0.160037120
0.160263572
0.160439126
0.160690335
0.160936025
0.161156460
0.157298606
0.157397692
0.157449273
0.157534125
0.157637235
0.157774476
0.157917953
0.158030925
0.158190748
0.158399712
0.158600191
0.158821719
0.158961782
0.159166324
0.159310537
0.156923300
0.156879974
0.156839804
0.156814154
0.156833383
0.156839293
0.156893482
0.156878626
0.156896513
0.156891841
0.156938489
0.156961581
0.156922589
0.156934558
0.156907394
0.156990729
0.157125702
0.157350294
0.157589759
0.156979903
0.156904069
0.156834005
0.156726070
0.156675898
0.156644301
0.156643010
0.157060518
0.157289599
0.157481804
0.157682802
0.157892888
0.158092513
0.157681377
0.157836033
0.157933229
0.158137714
0.158367956
0.158599330
0.158787284
0.159026575
0.159292191
0.159286820
0.159212946
0.159091403
0.159111906
0.156652593
0.156754369
0.156906161
0.157051107
0.157233123
0.157460719
0.157686821
0.157899992
0.158136264
0.158374981
0.158663674
0.158918810
0.159216124
0.159469090
0.159746482
0.160043493
0.157449879
0.157679498
0.157911075
0.158140596
0.158371821
0.158601304
0.158871216
0.159120792
0.159383271
0.159600175
0.159848050
0.157213054
0.157317861
0.157419522
0.157581779
0.157792711
0.157925906
0.158074400
0.158222623
0.158370574
0.158518250
0.158622513
0.158694031
0.158778409
0.158944179
0.157556573
0.157746863
0.157929666
0.158099176
0.158289899
0.158487534
0.158612409
0.158740684
0.158876282
0.158797979
0.158919839
0.156663169
0.156499242
0.156190881
0.156020675
0.156038855
0.156006286
0.156024496
0.156005814
0.155970868
0.155903040
0.155790907
0.155809647
0.155765373
0.155720131
0.155584036
0.155488304
0.155362862
0.155271953
0.155967401
0.155771429
0.155559455
0.155374535
0.155158315
0.154928011
0.154705284
0.154472833
0.154235615
0.156188028
0.155959128
0.155792051
0.156678797
0.156692065
0.156726236
0.156845310
0.156969321
0.157127835
0.157270769
0.157453427
0.157644044
0.157799328
0.157932903
0.158112394
0.158317449
0.158430374
0.158531873
0.156635826
0.156561076
0.156388787
0.156194285
0.156012185
0.156493531
0.156427176
0.156362617
0.156693209
0.156797272
0.156908892
0.157068706
0.157270650
0.157422229
0.157610787
0.157725140
0.157864687
0.157978095
0.158086860
0.158223463
0.158440763
0.156701040
0.156599142
0.156563163
0.156551230
0.156463431
0.156427505
0.156486155
0.156662584
0.156712033
0.156440045
0.156289091
0.156120623
0.155874176
0.155616940
0.155374478
0.155143105
0.154982394
0.154771787
0.154525612
0.154276148
0.154066429
0.153899864
0.156717207
0.156843675
0.157043404
0.157241102
0.157511766
0.157807721
0.158126566
0.158426500
0.158730810
0.159046965
0.159349114
0.159581690
0.159841931
0.160097611
0.160281343
0.157460354
0.157582378
0.157748503
0.157885194
0.158063858
0.158183209
0.158248914
0.158357772
0.158516588
0.158681600
0.158791162
0.156727757
0.156761869
0.156897059
0.157070925
0.157141678
0.157178143
0.157184164
0.157227300
0.157281745
0.157335757
0.157331723
0.157347019
0.157358015
0.157257694
0.157490442
0.157741334
0.157983840
0.158195333
0.158368555
0.158563256
0.158842888
0.159089840
0.156711317
0.156714342
0.156721700
0.156749957
0.156818201
0.156875369
0.156865368
0.156829733
0.156825267
0.156731572
0.156965178
0.157143268
0.157307005
0.157495539
0.157668462
0.157854205
0.157985890
0.158185303
0.158387571
0.158584205
0.158770804
0.156728222
0.156691061
0.156784139
0.156921044
0.156884980
0.156864606
0.156920682
0.156985118
0.157079553
0.157209712
0.157355765
0.157512207
0.157568396
0.157656502
0.157043508
0.157360383
0.157651792
0.157977011
0.158292100
0.156673524
0.156609439
0.156646494
0.156808874
0.156777515
0.156822517
0.156907249
0.157083319
0.157245140
0.157448506
0.157625053
0.157754001
0.157880247
0.157965330
0.158058672
0.158163883
0.158324114
0.158483064
0.158622045
0.158748130
0.157487738
0.157613712
0.157730417
0.157890080
0.157998720
0.158175566
0.158414843
0.158609277
0.158790939
0.157383108
0.156695320
0.156646345
0.156603368
0.156564787
0.156481964
0.156397717
0.156238912
0.156054505
0.155811719
0.155687641
0.155601382
0.155536771
0.155459120
0.155398184
0.155294762
0.155106716
0.154922172
0.154774035
0.154603159
0.154412068
0.154222873
0.154011819
0.153899631
0.153774641
0.153574538
0.153344048
0.153119697
0.152830829
0.152572307
0.152425102
0.155198346
0.155112960
0.154986022
0.154826606
0.154661574
0.154503901
0.154365572
0.154223925
0.154063818
0.153928958
0.153814837
0.153664594
0.153508055
0.153389685
0.153241962
0.155521802
0.155313003
0.155094884
0.154889958
0.154689968
0.154551768
0.154425486
0.156606364
0.156648939
0.156697701
0.156748105
0.156749641
0.156779071
0.156824362
0.156823595
0.156849212
0.156874081
0.156869392
0.156908700
0.156977945
0.157120476
0.157269101
0.157407013
0.157561428
0.157718732
0.157788507
0.157919136
0.158028177
0.158218541
0.158342219
0.158509168
0.158699326
0.158876715
0.158819321
0.158766411
0.158775235
0.158922079
0.159050650
0.157926889
0.157885556
0.157825822
0.157715750
0.157662876
0.157550914
0.157510720
0.157084326
0.157179665
0.157341336
0.157370855
0.157460532
0.157536464
0.157465101
0.156729143
0.156661865
0.156612230
0.156606404
0.156638550
0.156587454
0.156468986
0.156394677
0.156456449
0.156540651
0.156636699
0.156693584
0.156798821
0.156909524
0.156954887
0.156979050
0.157089924
0.157172732
0.157268867
0.157318943
0.156496585
0.156485273
0.156510044
0.156549648
0.156510358
0.156397794
0.156389377
0.156403951
0.156509417
0.156605527
0.156470905
0.156414108
0.156349331
0.156299330
0.156226717
0.156072755
0.155912082
0.155792450
0.155827371
0.155971558
0.156252625
0.156531533
0.156744562
0.156561935
0.156458750
0.156313683
0.156157519
0.156047811
0.155941214
0.155833926
0.156697534
0.156674708
0.156687075
0.156694074
0.156712603
0.156633003
0.156722979
0.156841338
0.156944385
0.157035496
0.157180923
0.156608068
0.156556565
0.156516840
0.156598434
0.156595728
0.156596151
0.156496513
0.156381621
0.156214041
0.156499559
0.156272062
0.156044450
0.155774625
0.155487539
0.155238482
0.155022519
0.154736131
0.155873235
0.155735249
0.155535799
0.155290913
0.155042967
0.154784693
0.154556279
0.154378021
0.154189230
0.154010922
0.153791782
0.156675632
0.156778710
0.156927762
0.156876665
0.156830346
0.156753944
0.156689748
0.156635764
0.156601229
0.156603822
0.156526449
0.156405787
0.156344921
0.156258281
0.156179988
0.156100795
0.156885315
0.156796407
0.156732033
0.156637257
0.156625626
0.156582413
0.156569693
0.156721573
0.156660102
0.156578717
0.156496784
0.156409852
0.156353821
0.156252861
0.156172426
0.156125083
0.156099006
0.156643393
0.156663387
0.156764290
0.156659857
0.156727331
0.156699270
0.156562686
0.156508363
0.156379771
0.156160665
0.156140537
0.155787400
0.155912728
0.156315797
0.156195048
0.156032291
0.156155367
0.155766186
0.155736692
0.155913156
0.156896267
0.156916648
0.157132979
0.157278013
0.156925680
0.157012681
0.156667895
0.157144132
0.157333438
0.157479593
0.156662692
0.156310268
0.156068272
0.156689905
0.156670015
0.156623429
0.156504063
0.156703630
0.156520789
0.156731866
0.157382260
0.156723389
0.156703362
0.156716352
0.156864227
0.156695177
0.156878482
0.156640893
0.156603764
0.156706306
0.156757934
0.156806895
0.157358269
0.156603074
0.156623576
0.156494575
0.156508781
0.156562266
0.155933605
0.158559216
0.158958445
0.158827659
0.156441101
0.156698743
0.156291522
0.156487733
0.156308628
0.155438146
0.156004913
0.156004971
0.154634700
0.153921902
0.155894282
0.154330244
0.156171843
0.157527457
0.156659998
0.155235032
0.153906887
0.153391650
0.156301965
0.153686572
0.154909022
0.154880984
0.154728011
0.154658794
0.153512204
0.157252651
0.161222349
0.159437515
0.156795424
0.157697356
0.156701247
0.158201120
0.159107864
0.160193060
0.159945312
0.159014650
0.159052398
0.155230263
0.154099626
0.155755073
0.158583427
0.155928266
0.156309122
0.158572213
0.156702481
0.153820902
0.160378854
0.158880075
0.157372414
0.159231175
0.156690464
0.158901082
0.156702665
0.157712026
0.158464609
0.156838778
0.158794451
0.158976951
0.157370740
0.152376071
0.153155304
0.154381965
0.159059439
0.157476511
0.157445298
0.156607144
0.156812264
0.155812106
0.157201395
0.156617104
0.156126260
0.154624504
0.153676478
0.156000696
0.156840545
0.156125937
0.156555769
0.156543993
0.156515463
0.156470161
0.156407910
0.156328874
0.156233105
0.156120664
0.155991626
0.155846071
0.155684096
0.155505802
0.155311304
0.155100726
0.154874201
0.154631873
0.154373892
0.154100422
0.153811631
0.153507698
0.153188811
0.152855163
0.152506957
0.152144402
0.151767716
0.151377122
0.150972849
0.150555133
0.150124217
0.149680346
0.149223773
0.148754755
0.148273552
0.147780430
0.147275656
0.146759503
0.146232246
0.145694162
0.145145530
0.144586633
0.144017752
0.143439174
0.142851182
0.142254061
0.141648101
0.141033586
0.140410801
0.139780033
0.139141565
0.138495682
0.137842663
0.137182791
0.136516344
0.135843596
0.135164822
0.134480295
0.133790281
0.133095047
0.132394856
0.131689965
0.130980633
0.130267109
0.129549643
0.128828481
0.128103861
0.127376021
0.126645193
0.125911606
0.125175483
0.124437043
0.123696502
0.122954070
0.122209953
0.121464352
0.120717464
0.119969481
0.119220590
0.118470974
0.117720811
0.116970276
0.116219535
0.115468755
0.114718093
0.113967706
0.113217744
0.112468353
0.111719675
0.110971847
0.110225001
0.109479266
0.108734768
0.107991624
0.107249953
0.106509866
0.105771470
0.105034870
0.104300166
0.103567454
0.102836828
0.102108376
0.101382183
0.100658333
0.099936902
0.099217967
0.098501599
0.097787868
0.097076838
0.096368574
0.095663133
0.094960573
0.094260948
0.093564309
0.092870704
0.092180180
0.091492780
0.090808545
0.090127512
0.089449720
0.088775201
0.088103987
0.087436108
0.086771591
0.086110463
0.085452746
0.084798463
0.084147634
0.083500277
0.082856408
0.082216043
0.081579194
0.080945875
0.080316094
0.079689861
0.079067184
0.078448069
0.077832520
0.077220542
0.076612138
0.076007308
0.075406053
0.074808372
0.074214264
0.073623726
0.073036754
0.072453345
0.071873491
0.071297189
0.070724429
0.070155206
0.069589510
0.069027332
0.068468663
0.067913492
0.067361808
0.066813599
0.066268854
0.065727560
0.065189704
0.064655272
0.064124250
0.063596624
0.063072379
0.062551499
0.062033970
0.061519774
0.061008892
0.060501316
0.059997025
0.059496001
0.058998227
0.058503686
0.058012360
0.057524231
0.057039280
0.056557490
0.056078842
0.055603317
0.055130896
0.054661561
0.054195293
0.053732072
0.053271879
0.052814696
0.052360501
0.051909277
0.051461004
0.051015662
0.050573232
0.050133694
0.049697028
0.049263216
0.048832237
0.048404071
0.047978700
0.047556104
0.047136262
0.046719157
0.046304767
0.045893074
0.045484058
0.045077700
0.156556170
0.156551912
0.156531841
0.156494864
0.156441136
0.156370487
0.156283077
0.156178964
0.156058215
0.155920907
0.155767130
0.155596982
0.155410571
0.155208017
0.154989448
0.154755003
0.154504829
0.154239083
0.153957930
0.153661546
0.153350112
0.153023819
0.152682867
0.152327460
0.151957812
0.151574143
0.151176680
0.150765656
0.150341310
0.149903885
0.149453631
0.148990804
0.148515660
0.148028464
0.147529482
0.147018985
0.146497245
0.145964540
0.145421147
0.144867347
0.144303423
0.143729658
0.143146336
0.142553745
0.141952168
0.141341895
0.140723209
0.140096398
0.139461744
0.138819533
0.138170047
0.137513567
0.136850372
0.136180740
0.135504945
0.134823261
0.134135957
0.133443300
0.132745555
0.132042982
0.131335838
0.130624379
0.129908854
0.129189509
0.128466588
0.127740329
0.127010966
0.126278731
0.125543848
0.124806539
0.124067022
0.123325509
0.122582209
0.121837325
0.121091056
0.120343597
0.119595137
0.118845861
0.118095950
0.117345580
0.116594920
0.115844140
0.115093399
0.114342856
0.113592663
0.112842969
0.112093916
0.111345646
0.110598293
0.109851987
0.109106855
0.108363019
0.107620598
0.106879705
0.106140450
0.105402939
0.104667275
0.103933555
0.103201875
0.102472325
0.101744992
0.101019960
0.100297310
0.099577118
0.098859458
0.098144400
0.097432012
0.096722357
0.096015497
0.095311489
0.094610390
0.093912252
0.093217124
0.092525054
0.091836087
0.091150264
0.090467626
0.089788209
0.089112049
0.088439179
0.087769629
0.087103427
0.086440602
0.085781177
0.085125174
0.084472616
0.083823521
0.083177905
0.082535787
0.081897178
0.081262093
0.080630541
0.080002534
0.079378078
0.078757181
0.078139848
0.077526085
0.076915893
0.076309276
0.075706233
0.075106766
0.074510871
0.073918549
0.073329795
0.072744604
0.072162974
0.071584897
0.071010367
0.070439376
0.069871918
0.069307982
0.068747560
0.068190641
0.067637214
0.067087270
0.066540795
0.065997777
0.065458203
0.064922061
0.064389336
0.063860013
0.063334080
0.062811519
0.062292317
0.061776456
0.061263922
0.060754692
0.060248761
0.059746105
0.059246709
0.058750554
0.058257623
0.057767897
0.057281360
0.056797991
0.056317775
0.055840690
0.055366720
0.054895844
0.054428045
0.053963303
0.053501598
0.053042912
0.052587226
0.052134519
0.051684773
0.051237968
0.050794084
0.050353103
0.049915003
0.049479767
0.049047373
0.048617804
0.048191038
0.047767056
0.047345840
0.046927369
0.046511624
0.046098585
0.045688233
0.045280548
